11111
11111
10010
10010
10010
10011
01000
00000
00100
00100
00100
10101
11111
10001
10111
10010
10010
00010
00010
00010
10010
00101
00110
00110
10100
00100
10011
10011
10111
10011
10011
10111
10100
10100
10100
10011
10111
10111
10100
10101
00000
11000
10100
10100
01000
01000
01000
00001
00001
00001
00101
01101
01101
10100
00100
00000
00000
00000
01000
01000
11011
11011
11011
00000
10000
10000
10000
00101
01100
11100
11100
10100
00010
00010
00000
10100
11110
00000
01010
01010
01011
01011
01011
11010
10011
10101
10101
10111
10100
00100
01000
01000
01011
10001
00000
00001
